Draw #      Draw Date           Number_1    Number_2    Number_3    Number_4    Number_5    Powerball
------  ------------------      --------    --------    --------    --------    --------    ---------
637     Wed. May 15, 2019          33          68          61          17          7          4     
636     Sat. May 11, 2019          40          9          8          6          37          26     
635     Wed. May 08, 2019          66          64          45          53          1          3     
634     Sat. May 04, 2019          30          6          23          16          61          2     
633     Wed. May 01, 2019          66          28          23          56          5          17     
632     Sat. Apr 27, 2019          45          29          62          41          2          6     
631     Wed. Apr 24, 2019          35          65          32          36          6          4     
630     Sat. Apr 20, 2019          3          63          27          65          30          1     
629     Wed. Apr 17, 2019          15          46          66          17          1          15     
628     Sat. Apr 13, 2019          17          26          32          4          49          10     
627     Wed. Apr 10, 2019          39          12          21          23          67          6     
626     Sat. Apr 06, 2019          33          43          60          59          15          8     
625     Wed. Apr 03, 2019          25          16          32          49          19          18     
624     Sat. Mar 30, 2019          54          52          21          64          68          4     
623     Wed. Mar 27, 2019          44          62          20          37          16          12     
622     Sat. Mar 23, 2019          66          52          60          24          25          5     
621     Wed. Mar 20, 2019          10          53          50          63          14          21     
620     Sat. Mar 16, 2019          67          30          34          39          53          11     
619     Wed. Mar 13, 2019          69          36          45          47          18          14     
618     Sat. Mar 09, 2019          45          5          59          55          6          14     
617     Wed. Mar 06, 2019          21          35          10          6          46          23     
616     Sat. Mar 02, 2019          27          68          25          19          1          21     
615     Wed. Feb 27, 2019          49          31          59          42          21          23     
614     Sat. Feb 23, 2019          32          4          20          6          14          13     
613     Wed. Feb 20, 2019          50          52          49          51          27          2     
612     Sat. Feb 16, 2019          48          30          41          64          29          1     
611     Wed. Feb 13, 2019          2          24          8          69          14          26     
610     Sat. Feb 09, 2019          7          39          2          3          1          25     
609     Wed. Feb 06, 2019          13          28          5          63          38          21     
608     Sat. Feb 02, 2019          10          43          17          18          65          13     
607     Wed. Jan 30, 2019          16          2          12          29          54          6     
606     Sat. Jan 26, 2019          12          8          21          32          20          10     
605     Wed. Jan 23, 2019          50          25          48          23          47          24     
604     Sat. Jan 19, 2019          5          65          8          66          41          20     
603     Wed. Jan 16, 2019          14          61          29          31          56          1     
602     Sat. Jan 12, 2019          57          58          7          36          48          24     
601     Wed. Jan 09, 2019          19          59          37          6          49          22     
600     Sat. Jan 05, 2019          15          27          69          7          3          19     
599     Wed. Jan 02, 2019          56          46          42          12          8          12     
598     Sat. Dec 29, 2018          51          53          42          62          12          25     
597     Wed. Dec 26, 2018          52          38          25          67          5          24     
596     Sat. Dec 22, 2018          40          59          28          21          30          26     
595     Wed. Dec 19, 2018          43          31          29          37          15          16     
594     Sat. Dec 15, 2018          8          38          55          52          43          17     
593     Wed. Dec 12, 2018          9          64          29          21          4          26     
592     Sat. Dec 08, 2018          61          14          34          32          46          10     
591     Wed. Dec 05, 2018          36          38          9          11          37          11     
590     Sat. Dec 01, 2018          10          58          47          11          55          26     
589     Wed. Nov 28, 2018          4          68          59          69          19          21     
588     Sat. Nov 24, 2018          56          33          58          51          11          18     
587     Wed. Nov 21, 2018          14          23          38          7          55          18     
586     Sat. Nov 17, 2018          8          6          68          20          52          5     
585     Wed. Nov 14, 2018          49          62          42          7          69          23     
584     Sat. Nov 10, 2018          53          29          5          57          34          24     
583     Wed. Nov 07, 2018          50          28          34          42          26          25     
582     Sat. Nov 03, 2018          24          65          21          32          15          11     
581     Wed. Oct 31, 2018          40          39          47          7          25          20     
580     Sat. Oct 27, 2018          13          12          8          27          19          4     
579     Wed. Oct 24, 2018          56          53          45          21          3          22     
578     Sat. Oct 20, 2018          62          16          54          57          69          23     
577     Wed. Oct 17, 2018          3          64          69          68          57          15     
576     Sat. Oct 13, 2018          14          65          11          43          32          15     
575     Wed. Oct 10, 2018          27          60          42          23          8          7     
574     Sat. Oct 06, 2018          22          53          27          67          1          15     
573     Wed. Oct 03, 2018          63          66          53          59          41          3     
572     Sat. Sep 29, 2018          9          17          34          59          64          22     
571     Wed. Sep 26, 2018          7          1          30          50          2          8     
570     Sat. Sep 22, 2018          61          24          69          64          63          18     
569     Wed. Sep 19, 2018          50          4          51          48          39          11     
568     Sat. Sep 15, 2018          19          18          24          34          2          3     
567     Wed. Sep 12, 2018          28          48          63          6          64          24     
566     Sat. Sep 08, 2018          20          32          3          33          13          21     
565     Wed. Sep 05, 2018          59          60          6          50          15          13     
564     Sat. Sep 01, 2018          54          66          55          61          11          9     
563     Wed. Aug 29, 2018          53          25          41          67          57          12     
562     Sat. Aug 25, 2018          25          20          57          63          54          8     
561     Wed. Aug 22, 2018          45          1          47          69          7          13     
560     Sat. Aug 18, 2018          34          67          52          61          24          16     
559     Wed. Aug 15, 2018          28          15          12          47          48          16     
558     Sat. Aug 11, 2018          56          43          5          68          62          24     
557     Wed. Aug 08, 2018          21          63          30          43          10          17     
556     Sat. Aug 04, 2018          38          58          3          11          44          2     
555     Wed. Aug 01, 2018          5          38          22          58          32          26     
554     Sat. Jul 28, 2018          27          65          56          46          22          13     
553     Wed. Jul 25, 2018          64          44          18          2          41          26     
552     Sat. Jul 21, 2018          9          56          58          23          68          1     
551     Wed. Jul 18, 2018          28          36          10          1          27          12     
550     Sat. Jul 14, 2018          49          22          41          67          42          11     
549     Wed. Jul 11, 2018          21          19          47          27          46          7     
548     Sat. Jul 07, 2018          45          43          1          10          64          22     
547     Wed. Jul 04, 2018          7          41          15          4          44          10     
546     Sat. Jun 30, 2018          9          3          20          42          61          24     
545     Wed. Jun 27, 2018          63          28          62          7          37          15     
544     Sat. Jun 23, 2018          29          56          45          16          43          25     
543     Wed. Jun 20, 2018          14          56          27          4          23          13     
542     Sat. Jun 16, 2018          65          9          58          57          45          9     
541     Wed. Jun 13, 2018          13          38          45          20          55          1     
540     Sat. Jun 09, 2018          36          10          25          6          15          14     
539     Wed. Jun 06, 2018          53          28          41          23          56          14     
538     Sat. Jun 02, 2018          23          37          64          44          25          7     
537     Wed. May 30, 2018          46          23          26          17          68          20     
536     Sat. May 26, 2018          45          31          21          1          49          21     
535     Wed. May 23, 2018          20          54          61          56          64          7     
534     Sat. May 19, 2018          56          9          17          3          6          25     
533     Wed. May 16, 2018          17          22          21          19          51          19     
532     Sat. May 12, 2018          42          56          22          55          45          14     
531     Wed. May 09, 2018          50          69          16          38          11          19     
530     Sat. May 05, 2018          29          36          14          61          57          17     
529     Wed. May 02, 2018          40          5          31          50          14          6     
528     Sat. Apr 28, 2018          28          50          22          45          20          8     
527     Wed. Apr 25, 2018          18          17          39          64          56          12     
526     Sat. Apr 21, 2018          50          69          54          62          40          19     
525     Wed. Apr 18, 2018          12          17          10          9          23          9     
524     Sat. Apr 14, 2018          61          17          19          26          62          15     
523     Wed. Apr 11, 2018          67          18          16          55          27          18     
522     Sat. Apr 07, 2018          38          2          20          17          39          20     
521     Wed. Apr 04, 2018          42          64          54          8          24          24     
520     Sat. Mar 31, 2018          24          55          52          61          8          21     
519     Wed. Mar 28, 2018          53          8          52          6          26          21     
518     Sat. Mar 24, 2018          33          56          53          10          45          24     
517     Wed. Mar 21, 2018          29          4          61          3          18          25     
516     Sat. Mar 17, 2018          60          66          22          59          57          7     
515     Wed. Mar 14, 2018          12          24          6          41          68          9     
514     Sat. Mar 10, 2018          69          43          54          44          61          22     
513     Wed. Mar 07, 2018          36          6          19          13          51          18     
512     Sat. Mar 03, 2018          40          17          36          25          13          5     
511     Wed. Feb 28, 2018          69          12          65          59          30          16     
510     Sat. Feb 24, 2018          38          25          62          63          24          6     
509     Wed. Feb 21, 2018          7          36          31          15          34          8     
508     Sat. Feb 17, 2018          26          62          39          13          44          2     
507     Wed. Feb 14, 2018          44          46          37          39          69          26     
506     Sat. Feb 10, 2018          27          13          41          59          1          20     
505     Wed. Feb 07, 2018          40          35          34          47          23          10     
504     Sat. Feb 03, 2018          15          48          23          27          53          6     
503     Wed. Jan 31, 2018          7          4          14          59          46          22     
502     Sat. Jan 27, 2018          54          26          17          21          47          7     
501     Wed. Jan 24, 2018          11          9          5          33          64          21     
500     Sat. Jan 20, 2018          28          26          58          47          49          3     
499     Wed. Jan 17, 2018          33          51          3          37          57          21     
498     Sat. Jan 13, 2018          69          25          35          14          58          24     
497     Wed. Jan 10, 2018          7          24          50          49          33          4     
496     Sat. Jan 06, 2018          12          61          30          29          33          26     
495     Wed. Jan 03, 2018          42          39          18          2          37          12     
494     Sat. Dec 30, 2017          58          28          51          41          36          24     
493     Wed. Dec 27, 2017          16          60          3          56          9          3     
492     Sat. Dec 23, 2017          44          15          1          13          3          25     
491     Wed. Dec 20, 2017          20          61          64          1          69          20     
490     Sat. Dec 16, 2017          35          63          37          9          50          11     
489     Wed. Dec 13, 2017          2          28          51          58          24          7     
488     Sat. Dec 09, 2017          36          60          55          37          25          6     
487     Wed. Dec 06, 2017          50          19          55          62          20          9     
486     Sat. Dec 02, 2017          32          30          36          28          58          6     
485     Wed. Nov 29, 2017          59          28          26          24          63          16     
484     Sat. Nov 25, 2017          53          8          54          27          13          4     
483     Wed. Nov 22, 2017          61          51          37          46          35          13     
482     Sat. Nov 18, 2017          17          31          28          32          39          26     
481     Wed. Nov 15, 2017          48          32          44          50          23          25     
480     Sat. Nov 11, 2017          56          6          4          30          16          18     
479     Wed. Nov 08, 2017          12          21          14          34          20          22     
478     Sat. Nov 04, 2017          51          48          12          26          14          13     
477     Wed. Nov 01, 2017          26          3          19          6          44          1     
476     Sat. Oct 28, 2017          35          27          57          66          38          10     
475     Wed. Oct 25, 2017          57          54          29          22          18          8     
474     Sat. Oct 21, 2017          14          45          69          41          42          4     
473     Wed. Oct 18, 2017          69          54          49          30          66          8     
472     Sat. Oct 14, 2017          56          37          69          32          66          11     
471     Wed. Oct 11, 2017          1          69          19          3          13          23     
470     Sat. Oct 07, 2017          61          10          49          65          63          7     
469     Wed. Oct 04, 2017          23          63          62          66          22          24     
468     Sat. Sep 30, 2017          8          25          12          41          64          15     
467     Wed. Sep 27, 2017          21          25          10          23          8          22     
466     Sat. Sep 23, 2017          45          24          56          55          57          19     
465     Wed. Sep 20, 2017          68          48          67          39          53          26     
464     Sat. Sep 16, 2017          31          24          25          17          18          24     
463     Wed. Sep 13, 2017          24          63          35          57          17          19     
462     Sat. Sep 09, 2017          59          20          6          57          29          22     
461     Wed. Sep 06, 2017          32          14          8          58          67          17     
460     Sat. Sep 02, 2017          62          41          21          52          6          26     
459     Wed. Aug 30, 2017          43          19          69          28          67          7     
458     Sat. Aug 26, 2017          66          15          7          38          32          15     
457     Wed. Aug 23, 2017          7          26          16          23          6          4     
456     Sat. Aug 19, 2017          17          68          19          43          39          13     
455     Wed. Aug 16, 2017          64          43          60          9          15          4     
454     Sat. Aug 12, 2017          35          20          49          26          24          19     
453     Wed. Aug 09, 2017          12          30          47          62          36          9     
452     Sat. Aug 05, 2017          33          21          45          11          28          11     
451     Wed. Aug 02, 2017          16          1          54          63          69          18     
450     Sat. Jul 29, 2017          1          40          28          48          45          12     
449     Wed. Jul 26, 2017          19          42          21          7          69          12     
448     Sat. Jul 22, 2017          44          32          60          5          53          9     
447     Wed. Jul 19, 2017          63          51          59          61          50          4     
446     Sat. Jul 15, 2017          40          66          9          64          63          17     
445     Wed. Jul 12, 2017          18          23          2          61          1          9     
444     Sat. Jul 08, 2017          29          8          40          59          10          26     
443     Wed. Jul 05, 2017          54          9          68          4          16          21     
442     Sat. Jul 01, 2017          45          19          42          53          48          16     
441     Wed. Jun 28, 2017          46          37          29          53          68          8     
440     Sat. Jun 24, 2017          36          32          22          58          10          10     
439     Wed. Jun 21, 2017          65          14          46          68          61          13     
438     Sat. Jun 17, 2017          13          62          10          53          32          21     
437     Wed. Jun 14, 2017          63          22          5          43          57          24     
436     Sat. Jun 10, 2017          32          26          20          38          58          3     
435     Wed. Jun 07, 2017          66          57          5          69          21          13     
434     Sat. Jun 03, 2017          54          41          9          3          21          25     
433     Wed. May 31, 2017          60          39          33          4          46          6     
432     Sat. May 27, 2017          55          10          5          67          28          9     
431     Wed. May 24, 2017          38          28          33          32          62          15     
430     Sat. May 20, 2017          45          5          47          54          22          3     
429     Wed. May 17, 2017          39          4          48          45          11          9     
428     Sat. May 13, 2017          68          17          20          63          32          19     
427     Wed. May 10, 2017          62          31          56          46          29          8     
426     Sat. May 06, 2017          31          21          11          41          59          21     
425     Wed. May 03, 2017          18          49          66          17          59          9     
424     Sat. Apr 29, 2017          24          22          23          62          45          5     
423     Wed. Apr 26, 2017          18          1          51          15          26          26     
422     Sat. Apr 22, 2017          39          21          48          41          63          6     
421     Wed. Apr 19, 2017          1          19          52          40          37          15     
420     Sat. Apr 15, 2017          61          26          45          5          22          13     
419     Wed. Apr 12, 2017          68          63          14          8          61          24     
418     Sat. Apr 08, 2017          51          53          36          23          60          15     
417     Wed. Apr 05, 2017          53          20          54          46          8          13     
416     Sat. Apr 01, 2017          65          9          44          36          32          1     
415     Wed. Mar 29, 2017          8          62          31          36          15          11     
414     Sat. Mar 25, 2017          32          18          31          48          45          16     
413     Wed. Mar 22, 2017          2          29          9          27          42          9     
412     Sat. Mar 18, 2017          25          67          54          44          13          5     
411     Wed. Mar 15, 2017          30          16          41          48          53          16     
410     Sat. Mar 11, 2017          57          41          50          26          1          11     
409     Wed. Mar 08, 2017          42          23          59          46          33          4     
408     Sat. Mar 04, 2017          2          22          63          19          18          19     
407     Wed. Mar 01, 2017          16          10          52          40          55          17     
406     Sat. Feb 25, 2017          6          62          32          47          65          19     
405     Wed. Feb 22, 2017          52          10          61          28          13          2     
404     Sat. Feb 18, 2017          9          3          33          7          31          20     
403     Wed. Feb 15, 2017          33          5          42          38          28          19     
402     Sat. Feb 11, 2017          37          64          17          9          5          2     
401     Wed. Feb 08, 2017          49          20          42          14          66          5     
400     Sat. Feb 04, 2017          52          17          16          13          6          25     
399     Wed. Feb 01, 2017          9          60          64          43          57          10     
398     Sat. Jan 28, 2017          39          12          49          69          20          17     
397     Wed. Jan 25, 2017          18          62          66          68          28          22     
396     Sat. Jan 21, 2017          45          25          23          67          52          2     
395     Wed. Jan 18, 2017          41          9          58          40          53          12     
394     Sat. Jan 14, 2017          55          69          23          64          59          13     
393     Wed. Jan 11, 2017          1          16          13          43          3          24     
392     Sat. Jan 07, 2017          37          63          12          24          3          10     
391     Wed. Jan 04, 2017          17          16          42          41          29          4     
390     Sat. Dec 31, 2016          1          28          3          67          57          9     
389     Wed. Dec 28, 2016          30          23          44          58          16          4     
388     Sat. Dec 24, 2016          38          52          42          51          28          21     
387     Wed. Dec 21, 2016          25          68          40          54          33          3     
386     Sat. Dec 17, 2016          16          40          8          48          1          10     
385     Wed. Dec 14, 2016          39          18          66          37          26          15     
384     Sat. Dec 10, 2016          32          21          12          44          66          15     
383     Wed. Dec 07, 2016          49          64          48          41          53          20     
382     Sat. Dec 03, 2016          27          26          33          8          10          22     
381     Wed. Nov 30, 2016          3          45          25          14          18          7     
380     Sat. Nov 26, 2016          21          17          37          44          19          16     
379     Wed. Nov 23, 2016          7          61          41          47          32          3     
378     Sat. Nov 19, 2016          24          61          43          16          28          21     
377     Wed. Nov 16, 2016          28          61          63          41          65          7     
376     Sat. Nov 12, 2016          20          8          27          52          17          24     
375     Wed. Nov 09, 2016          28          31          54          25          1          2     
374     Sat. Nov 05, 2016          31          50          69          21          51          8     
373     Wed. Nov 02, 2016          18          54          61          13          37          5     
372     Sat. Oct 29, 2016          42          48          20          21          19          23     
371     Wed. Oct 26, 2016          48          56          2          16          3          24     
370     Sat. Oct 22, 2016          1          55          33          28          56          22     
369     Wed. Oct 19, 2016          43          63          16          38          10          23     
368     Sat. Oct 15, 2016          64          49          57          23          67          20     
367     Wed. Oct 12, 2016          34          44          30          16          37          16     
366     Sat. Oct 08, 2016          3          64          68          61          54          9     
365     Wed. Oct 05, 2016          60          29          18          27          8          15     
364     Sat. Oct 01, 2016          12          64          50          61          2          1     
363     Wed. Sep 28, 2016          30          53          62          38          52          1     
362     Sat. Sep 24, 2016          15          7          29          41          20          22     
361     Wed. Sep 21, 2016          63          67          1          69          28          17     
360     Sat. Sep 17, 2016          51          19          9          62          55          14     
359     Wed. Sep 14, 2016          10          31          23          28          11          14     
358     Sat. Sep 10, 2016          3          17          49          68          55          8     
357     Wed. Sep 07, 2016          23          55          33          22          29          21     
356     Sat. Sep 03, 2016          39          59          7          67          50          25     
355     Wed. Aug 31, 2016          10          56          24          61          5          12     
354     Sat. Aug 27, 2016          48          32          63          4          49          20     
353     Wed. Aug 24, 2016          25          11          9          65          64          16     
352     Sat. Aug 20, 2016          68          3          21          6          60          24     
351     Wed. Aug 17, 2016          44          49          33          50          52          8     
350     Sat. Aug 13, 2016          44          38          64          69          60          6     
349     Wed. Aug 10, 2016          64          56          61          23          67          12     
348     Sat. Aug 06, 2016          52          33          47          36          20          12     
347     Wed. Aug 03, 2016          66          27          11          9          67          2     
346     Sat. Jul 30, 2016          32          21          17          23          11          5     
345     Wed. Jul 27, 2016          10          47          68          65          50          24     
344     Sat. Jul 23, 2016          39          5          35          7          23          11     
343     Wed. Jul 20, 2016          6          58          66          25          35          5     
342     Sat. Jul 16, 2016          11          50          40          17          62          26     
341     Wed. Jul 13, 2016          57          15          29          3          54          10     
340     Sat. Jul 09, 2016          32          28          10          64          61          12     
339     Wed. Jul 06, 2016          66          57          2          31          24          18     
338     Sat. Jul 02, 2016          63          39          59          34          10          4     
337     Wed. Jun 29, 2016          29          37          23          64          60          6     
336     Sat. Jun 25, 2016          36          3          56          69          27          25     
335     Wed. Jun 22, 2016          14          42          43          52          40          17     
334     Sat. Jun 18, 2016          53          2          23          63          41          11     
333     Wed. Jun 15, 2016          33          4          24          31          22          10     
332     Sat. Jun 11, 2016          36          58          27          41          20          7     
331     Wed. Jun 08, 2016          37          69          12          25          60          20     
330     Sat. Jun 04, 2016          20          16          43          64          22          17     
329     Wed. Jun 01, 2016          40          69          33          23          30          12     
328     Sat. May 28, 2016          6          34          33          59          58          12     
327     Wed. May 25, 2016          64          24          59          41          11          15     
326     Sat. May 21, 2016          9          32          5          7          23          26     
325     Wed. May 18, 2016          25          67          39          23          54          11     
324     Sat. May 14, 2016          64          27          65          13          47          9     
323     Wed. May 11, 2016          69          32          52          66          20          23     
322     Sat. May 07, 2016          25          66          44          5          26          9     
321     Wed. May 04, 2016          47          69          30          66          57          3     
320     Sat. Apr 30, 2016          32          16          3          34          12          14     
319     Wed. Apr 27, 2016          25          39          64          2          33          17     
318     Sat. Apr 23, 2016          46          62          59          35          19          13     
317     Wed. Apr 20, 2016          62          30          12          25          52          8     
316     Sat. Apr 16, 2016          32          3          25          51          18          3     
315     Wed. Apr 13, 2016          30          35          38          33          64          22     
314     Sat. Apr 09, 2016          14          23          41          61          22          9     
313     Wed. Apr 06, 2016          65          28          49          60          4          25     
312     Sat. Apr 02, 2016          9          61          28          40          30          3     
311     Wed. Mar 30, 2016          55          24          63          53          44          19     
310     Sat. Mar 26, 2016          23          42          68          52          11          6     
309     Wed. Mar 23, 2016          22          15          49          5          8          25     
308     Sat. Mar 19, 2016          11          60          23          54          43          3     
307     Wed. Mar 16, 2016          46          50          12          13          10          21     
306     Sat. Mar 12, 2016          28          11          50          57          62          23     
305     Wed. Mar 09, 2016          32          34          14          23          68          3     
304     Sat. Mar 05, 2016          3          34          27          59          69          19     
303     Wed. Mar 02, 2016          62          52          13          12          44          6     
302     Sat. Feb 27, 2016          22          11          53          21          10          18     
301     Wed. Feb 24, 2016          67          21          65          31          64          5     
300     Sat. Feb 20, 2016          54          12          11          16          15          25     
299     Wed. Feb 17, 2016          29          27          7          40          17          25     
298     Sat. Feb 13, 2016          7          15          36          18          19          20     
297     Wed. Feb 10, 2016          2          62          40          50          3          5     
296     Sat. Feb 06, 2016          13          4          36          31          52          8     
295     Wed. Feb 03, 2016          26          60          67          31          28          23     
294     Sat. Jan 30, 2016          16          5          12          31          43          18     
293     Wed. Jan 27, 2016          40          52          3          67          12          21     
292     Sat. Jan 23, 2016          32          22          40          69          34          19     
291     Wed. Jan 20, 2016          44          5          39          69          47          24     
290     Sat. Jan 16, 2016          61          52          51          64          3          6     
289     Wed. Jan 13, 2016          8          27          34          4          19          10     
288     Sat. Jan 09, 2016          32          16          19          57          34          13     
287     Wed. Jan 06, 2016          47          2          63          62          11          17     
286     Sat. Jan 02, 2016          42          15          6          5          29          10     
285     Wed. Dec 30, 2015          12          61          54          38          36          22     
284     Sat. Dec 26, 2015          65          40          44          59          27          20     
283     Wed. Dec 23, 2015          67          16          63          38          55          25     
282     Sat. Dec 19, 2015          30          68          59          41          28          10     
281     Wed. Dec 16, 2015          9          42          10          55          32          6     
280     Sat. Dec 12, 2015          62          2          30          19          14          22     
279     Wed. Dec 09, 2015          16          46          10          56          7          1     
278     Sat. Dec 05, 2015          47          33          68          27          13          13     
277     Wed. Dec 02, 2015          14          18          19          64          32          9     
276     Sat. Nov 28, 2015          47          2          66          67          6          2     
275     Wed. Nov 25, 2015          53          16          69          58          29          21     
274     Sat. Nov 21, 2015          37          57          47          50          52          21     
273     Wed. Nov 18, 2015          40          17          46          69          41          6     
272     Sat. Nov 14, 2015          66          37          22          14          45          5     
271     Wed. Nov 11, 2015          26          4          32          55          64          18     
270     Sat. Nov 07, 2015          50          53          7          16          25          15     
269     Wed. Nov 04, 2015          12          2          17          20          65          17     
268     Sat. Oct 31, 2015          9          47          20          25          68          7     
267     Wed. Oct 28, 2015          56          62          54          63          4          10     
266     Sat. Oct 24, 2015          20          31          56          64          60          2     
265     Wed. Oct 21, 2015          57          32          30          42          56          11     
264     Sat. Oct 17, 2015          57          62          69          49          48          19     
263     Wed. Oct 14, 2015          20          15          31          40          29          1     
262     Sat. Oct 10, 2015          27          68          12          43          29          1     
261     Wed. Oct 07, 2015          52          40          48          18          30          9     
260     Sat. Oct 03, 2015          33          6          46          44          26          4     
259     Wed. Sep 30, 2015          40          59          21          39          55          17     
258     Sat. Sep 26, 2015          23          57          42          31          50          5     
257     Wed. Sep 23, 2015          8          29          51          58          41          5     
256     Sat. Sep 19, 2015          12          43          17          26          48          24     
255     Wed. Sep 16, 2015          7          5          39          24          31          7     
254     Sat. Sep 12, 2015          35          3          16          2          13          27     
253     Wed. Sep 09, 2015          50          44          45          51          47          8     
252     Sat. Sep 05, 2015          29          10          18          16          45          19     
251     Wed. Sep 02, 2015          17          46          22          30          56          16     
250     Sat. Aug 29, 2015          25          18          29          21          28          16     
249     Wed. Aug 26, 2015          22          56          2          45          32          12     
248     Sat. Aug 22, 2015          12          14          21          4          55          7     
247     Wed. Aug 19, 2015          6          43          48          50          8          7     
246     Sat. Aug 15, 2015          3          17          13          52          42          24     
245     Wed. Aug 12, 2015          29          38          8          13          52          28     
244     Sat. Aug 08, 2015          34          48          54          52          9          15     
243     Wed. Aug 05, 2015          42          14          9          16          11          19     
242     Sat. Aug 01, 2015          13          7          49          24          57          15     
241     Wed. Jul 29, 2015          4          52          22          27          28          35     
240     Sat. Jul 25, 2015          27          44          41          29          34          2     
239     Wed. Jul 22, 2015          31          12          57          44          43          11     
238     Sat. Jul 18, 2015          39          6          37          45          55          33     
237     Wed. Jul 15, 2015          45          34          13          50          16          11     
236     Sat. Jul 11, 2015          46          39          52          11          54          3     
235     Wed. Jul 08, 2015          30          27          25          15          4          18     
234     Sat. Jul 04, 2015          24          18          6          3          14          21     
233     Wed. Jul 01, 2015          24          41          31          26          7          25     
232     Sat. Jun 27, 2015          35          18          46          49          28          27     
231     Wed. Jun 24, 2015          5          10          3          22          32          7     
230     Sat. Jun 20, 2015          20          16          10          57          9          15     
229     Wed. Jun 17, 2015          22          20          21          54          41          7     
228     Sat. Jun 13, 2015          41          29          52          54          48          29     
227     Wed. Jun 10, 2015          49          32          31          53          48          25     
226     Sat. Jun 06, 2015          18          43          13          8          27          15     
225     Wed. Jun 03, 2015          6          40          37          13          8          11     
224     Sat. May 30, 2015          57          25          8          56          9          22     
223     Wed. May 27, 2015          8          15          59          34          53          23     
222     Sat. May 23, 2015          31          9          43          17          15          16     
221     Wed. May 20, 2015          12          1          44          28          35          25     
220     Sat. May 16, 2015          48          24          38          52          29          32     
219     Wed. May 13, 2015          31          29          1          47          25          7     
218     Sat. May 09, 2015          58          4          17          35          15          17     
217     Wed. May 06, 2015          24          41          39          23          27          30     
216     Sat. May 02, 2015          2          31          6          11          30          33     
215     Wed. Apr 29, 2015          26          1          38          34          51          6     
214     Sat. Apr 25, 2015          45          21          35          33          38          12     
213     Wed. Apr 22, 2015          25          10          14          39          53          18     
212     Sat. Apr 18, 2015          31          22          13          23          29          17     
211     Wed. Apr 15, 2015          1          21          29          16          40          30     
210     Sat. Apr 11, 2015          58          1          32          42          12          12     
209     Wed. Apr 08, 2015          1          19          45          58          46          29     
208     Sat. Apr 04, 2015          41          33          39          54          40          28     
207     Wed. Apr 01, 2015          44          39          30          33          2          1     
206     Sat. Mar 28, 2015          38          2          12          4          6          17     
205     Wed. Mar 25, 2015          54          23          19          7          50          14     
204     Sat. Mar 21, 2015          30          38          16          11          42          7     
203     Wed. Mar 18, 2015          30          47          33          25          14          8     
202     Sat. Mar 14, 2015          46          47          8          14          39          18     
201     Wed. Mar 11, 2015          24          44          31          11          40          27     
200     Sat. Mar 07, 2015          50          42          36          38          34          33     
199     Wed. Mar 04, 2015          8          35          15          12          50          32     
198     Sat. Feb 28, 2015          25          28          11          17          46          12     
197     Wed. Feb 25, 2015          39          17          21          32          19          8     
196     Sat. Feb 21, 2015          18          51          14          34          10          26     
195     Wed. Feb 18, 2015          29          1          49          9          32          22     
194     Sat. Feb 14, 2015          44          45          1          24          51          28     
193     Wed. Feb 11, 2015          25          11          54          13          39          19     
192     Sat. Feb 07, 2015          34          58          5          21          10          33     
191     Wed. Feb 04, 2015          51          52          36          24          56          22     
190     Sat. Jan 31, 2015          16          5          50          11          26          34     
189     Wed. Jan 28, 2015          49          24          12          36          35          1     
188     Sat. Jan 24, 2015          19          16          20          33          29          10     
187     Wed. Jan 21, 2015          57          12          28          15          11          23     
186     Sat. Jan 17, 2015          15          27          23          36          16          9     
185     Wed. Jan 14, 2015          10          4          53          2          41          22     
184     Sat. Jan 10, 2015          19          9          29          2          28          19     
183     Wed. Jan 07, 2015          47          49          59          15          14          10     
182     Sat. Jan 03, 2015          4          43          46          55          18          25     
181     Wed. Dec 31, 2014          40          27          17          53          37          35     
180     Sat. Dec 27, 2014          36          14          10          11          7          15     
179     Wed. Dec 24, 2014          46          11          12          47          50          22     
178     Sat. Dec 20, 2014          19          15          56          31          14          5     
177     Wed. Dec 17, 2014          47          31          48          38          22          15     
176     Sat. Dec 13, 2014          5          13          43          55          28          33     
175     Wed. Dec 10, 2014          48          34          55          44          54          10     
174     Sat. Dec 06, 2014          43          22          49          15          12          14     
173     Wed. Dec 03, 2014          54          30          32          46          25          26     
172     Sat. Nov 29, 2014          13          30          24          42          48          27     
171     Wed. Nov 26, 2014          46          17          22          16          54          35     
170     Sat. Nov 22, 2014          54          53          23          57          49          35     
169     Wed. Nov 19, 2014          38          6          36          48          51          17     
168     Sat. Nov 15, 2014          35          16          33          51          13          28     
167     Wed. Nov 12, 2014          55          37          39          52          51          11     
166     Sat. Nov 08, 2014          9          33          19          38          54          15     
165     Wed. Nov 05, 2014          19          2          11          21          42          34     
164     Sat. Nov 01, 2014          1          38          25          13          3          17     
163     Wed. Oct 29, 2014          48          28          59          25          57          16     
162     Sat. Oct 25, 2014          54          57          51          6          10          12     
161     Wed. Oct 22, 2014          40          42          30          29          50          16     
160     Sat. Oct 18, 2014          36          20          54          27          26          19     
159     Wed. Oct 15, 2014          5          7          28          27          19          20     
158     Sat. Oct 11, 2014          37          39          38          19          10          28     
157     Wed. Oct 08, 2014          46          50          16          31          5          18     
156     Sat. Oct 04, 2014          13          33          18          24          25          31     
155     Wed. Oct 01, 2014          20          1          45          18          4          7     
154     Sat. Sep 27, 2014          54          11          52          35          2          13     
153     Wed. Sep 24, 2014          7          14          24          41          21          26     
152     Sat. Sep 20, 2014          23          22          30          39          37          16     
151     Wed. Sep 17, 2014          36          18          25          50          48          23     
150     Sat. Sep 13, 2014          37          6          1          53          16          27     
149     Wed. Sep 10, 2014          14          39          2          40          43          13     
148     Sat. Sep 06, 2014          29          43          31          50          9          18     
147     Wed. Sep 03, 2014          43          2          51          45          16          35     
146     Sat. Aug 30, 2014          5          52          28          59          31          27     
145     Wed. Aug 27, 2014          24          17          45          46          26          19     
144     Sat. Aug 23, 2014          52          28          36          32          35          31     
143     Wed. Aug 20, 2014          21          40          8          38          4          3     
142     Sat. Aug 16, 2014          7          8          17          59          48          9     
141     Wed. Aug 13, 2014          37          8          40          52          39          24     
140     Sat. Aug 09, 2014          34          12          31          51          3          24     
139     Wed. Aug 06, 2014          49          1          8          24          28          24     
138     Sat. Aug 02, 2014          12          46          44          47          26          29     
137     Wed. Jul 30, 2014          49          13          30          53          42          29     
136     Sat. Jul 26, 2014          38          39          28          24          30          16     
135     Wed. Jul 23, 2014          22          12          4          31          10          3     
134     Sat. Jul 19, 2014          10          53          17          25          45          9     
133     Wed. Jul 16, 2014          5          32          26          18          15          35     
132     Sat. Jul 12, 2014          23          7          2          3          51          26     
131     Wed. Jul 09, 2014          9          55          42          25          57          14     
130     Sat. Jul 05, 2014          34          58          24          36          57          11     
129     Wed. Jul 02, 2014          58          18          53          8          45          35     
128     Sat. Jun 28, 2014          56          8          12          43          34          9     
127     Wed. Jun 25, 2014          50          53          10          20          25          35     
126     Sat. Jun 21, 2014          41          6          54          5          37          26     
125     Wed. Jun 18, 2014          6          52          59          29          9          7     
124     Sat. Jun 14, 2014          33          54          42          9          45          30     
123     Wed. Jun 11, 2014          14          25          33          18          49          23     
122     Sat. Jun 07, 2014          58          30          35          28          59          15     
121     Wed. Jun 04, 2014          22          7          1          10          49          24     
120     Sat. May 31, 2014          34          15          48          27          31          1     
119     Wed. May 28, 2014          24          2          28          32          59          25     
118     Sat. May 24, 2014          55          15          49          16          28          18     
117     Wed. May 21, 2014          20          34          58          4          39          31     
116     Sat. May 17, 2014          32          23          47          39          49          22     
115     Wed. May 14, 2014          55          7          52          33          39          33     
114     Sat. May 10, 2014          41          47          55          31          4          1     
113     Wed. May 07, 2014          48          31          17          49          29          34     
112     Sat. May 03, 2014          15          5          46          49          16          26     
111     Wed. Apr 30, 2014          9          2          19          50          11          32     
110     Sat. Apr 26, 2014          30          3          22          7          33          20     
109     Wed. Apr 23, 2014          29          48          36          19          25          12     
108     Sat. Apr 19, 2014          35          6          51          5          29          21     
107     Wed. Apr 16, 2014          42          34          59          39          44          8     
106     Sat. Apr 12, 2014          26          45          14          55          54          20     
105     Wed. Apr 09, 2014          49          14          48          9          44          29     
104     Sat. Apr 05, 2014          26          11          21          34          33          29     
103     Wed. Apr 02, 2014          19          22          13          53          8          24     
102     Sat. Mar 29, 2014          3          12          27          38          2          17     
101     Wed. Mar 26, 2014          33          41          59          44          28          21     
100     Sat. Mar 22, 2014          55          13          28          58          31          15     
99     Wed. Mar 19, 2014          34          23          43          19          2          14     
98     Sat. Mar 15, 2014          34          5          51          2          58          9     
97     Wed. Mar 12, 2014          28          54          14          15          37          10     
96     Sat. Mar 08, 2014          14          24          32          41          10          30     
95     Wed. Mar 05, 2014          26          3          9          7          54          19     
94     Sat. Mar 01, 2014          3          8          25          47          30          13     
93     Wed. Feb 26, 2014          42          11          12          38          17          2     
92     Sat. Feb 22, 2014          13          2          54          14          3          4     
91     Wed. Feb 19, 2014          17          49          54          35          1          34     
90     Sat. Feb 15, 2014          9          23          2          14          21          3     
89     Wed. Feb 12, 2014          52          49          36          57          44          1     
88     Sat. Feb 08, 2014          54          37          34          25          24          29     
87     Wed. Feb 05, 2014          8          57          17          59          32          24     
86     Sat. Feb 01, 2014          12          15          38          5          27          7     
85     Wed. Jan 29, 2014          47          23          11          28          32          20     
84     Sat. Jan 25, 2014          57          8          55          12          18          2     
83     Wed. Jan 22, 2014          55          2          7          1          9          29     
82     Sat. Jan 18, 2014          38          14          13          19          31          25     
81     Wed. Jan 15, 2014          29          8          9          7          24          25     
80     Sat. Jan 11, 2014          54          15          48          33          10          34     
79     Wed. Jan 08, 2014          39          28          58          47          10          22     
78     Sat. Jan 04, 2014          19          58          37          20          41          14     
77     Wed. Jan 01, 2014          52          48          15          24          40          23     
76     Sat. Dec 28, 2013          56          51          35          44          8          18     
75     Wed. Dec 25, 2013          38          56          28          39          23          32     
74     Sat. Dec 21, 2013          36          51          45          25          40          8     
73     Wed. Dec 18, 2013          39          7          40          24          37          1     
72     Sat. Dec 14, 2013          33          41          25          14          32          34     
71     Wed. Dec 11, 2013          10          18          19          1          13          27     
70     Sat. Dec 07, 2013          45          13          48          32          20          17     
69     Wed. Dec 04, 2013          9          6          11          44          31          25     
68     Sat. Nov 30, 2013          26          5          45          44          57          29     
67     Wed. Nov 27, 2013          57          25          18          55          50          17     
66     Sat. Nov 23, 2013          12          52          55          43          5          10     
65     Wed. Nov 20, 2013          32          4          45          23          18          7     
64     Sat. Nov 16, 2013          29          37          59          10          44          10     
63     Wed. Nov 13, 2013          31          5          55          50          56          9     
62     Sat. Nov 09, 2013          37          56          3          49          9          32     
61     Wed. Nov 06, 2013          49          1          5          10          15          22     
60     Sat. Nov 02, 2013          27          40          13          23          24          17     
59     Wed. Oct 30, 2013          54          2          49          36          40          10     
58     Sat. Oct 26, 2013          56          6          4          34          49          29     
57     Wed. Oct 23, 2013          47          34          23          31          3          13     
56     Sat. Oct 19, 2013          33          9          56          54          57          5     
55     Wed. Oct 16, 2013          3          42          26          34          28          28     
54     Sat. Oct 12, 2013          10          58          26          57          8          4     
53     Wed. Oct 09, 2013          9          38          3          33          19          18     
52     Sat. Oct 05, 2013          11          39          40          17          12          5     
51     Wed. Oct 02, 2013          6          51          42          4          25          17     
50     Sat. Sep 28, 2013          47          53          14          52          54          5     
49     Wed. Sep 25, 2013          49          7          17          53          2          23     
48     Sat. Sep 21, 2013          58          54          45          17          12          13     
47     Wed. Sep 18, 2013          7          10          35          32          22          19     
46     Sat. Sep 14, 2013          1          25          44          17          37          20     
45     Wed. Sep 11, 2013          19          33          42          52          11          33     
44     Sat. Sep 07, 2013          2          22          19          45          26          24     
43     Wed. Sep 04, 2013          2          45          26          9          47          11     
42     Sat. Aug 31, 2013          40          25          7          56          2          20     
41     Wed. Aug 28, 2013          32          19          7          9          6          13     
40     Sat. Aug 24, 2013          45          17          59          12          25          19     
39     Wed. Aug 21, 2013          30          48          42          46          40          23     
38     Sat. Aug 17, 2013          18          54          56          21          46          23     
37     Wed. Aug 14, 2013          17          43          11          4          51          20     
36     Sat. Aug 10, 2013          37          58          14          4          12          13     
35     Wed. Aug 07, 2013          58          5          25          59          30          32     
34     Sat. Aug 03, 2013          24          36          21          45          42          15     
33     Wed. Jul 31, 2013          8          24          59          39          49          5     
32     Sat. Jul 27, 2013          58          53          40          23          9          6     
31     Wed. Jul 24, 2013          44          29          54          40          9          7     
30     Sat. Jul 20, 2013          14          27          58          25          38          6     
29     Wed. Jul 17, 2013          22          1          42          38          34          17     
28     Sat. Jul 13, 2013          8          37          2          35          22          6     
27     Wed. Jul 10, 2013          55          45          31          30          59          27     
26     Sat. Jul 06, 2013          52          2          36          35          13          11     
25     Wed. Jul 03, 2013          40          6          51          29          3          4     
24     Sat. Jun 29, 2013          28          8          56          53          30          16     
23     Wed. Jun 26, 2013          1          46          39          33          18          33     
22     Sat. Jun 22, 2013          33          57          19          23          13          28     
21     Wed. Jun 19, 2013          57          47          46          52          7          17     
20     Sat. Jun 15, 2013          48          55          28          40          36          1     
19     Wed. Jun 12, 2013          22          16          42          23          55          32     
18     Sat. Jun 08, 2013          2          26          11          32          22          19     
17     Wed. Jun 05, 2013          4          36          26          33          55          32     
16     Sat. Jun 01, 2013          33          53          59          22          28          14     
15     Wed. May 29, 2013          49          14          9          17          57          2     
14     Sat. May 25, 2013          27          21          19          6          2          25     
13     Wed. May 22, 2013          31          35          41          9          57          26     
12     Sat. May 18, 2013          22          10          13          14          52          11     
11     Wed. May 15, 2013          2          34          11          41          26          32     
10     Sat. May 11, 2013          6          23          19          43          13          16     
9     Wed. May 08, 2013          21          57          26          22          30          27     
8     Sat. May 04, 2013          26          36          40          7          12          17     
7     Wed. May 01, 2013          31          22          55          26          54          18     
6     Sat. Apr 27, 2013          55          54          48          23          3          5     
5     Wed. Apr 24, 2013          9          59          31          56          19          2     
4     Sat. Apr 20, 2013          6          39          8          30          48          20     
3     Wed. Apr 17, 2013          58          18          48          13          36          28     
2     Sat. Apr 13, 2013          10          57          31          12          56          33     
1     Wed. Apr 10, 2013          40          1          52          36          53          20     
